$ANSIBLE_VAULT;1.1;AES256
33353761346639356330313633623963633633333264623462656465303961376431353030336239
6464326339356332613963623333323361376239653562650a633362323364393335346466343136
32366237383966616438313139396266373462663632326534376637626566633337333363623661
6635306232343862330a306534646638393534383066366638633665343731393434623638383638
35396234316636656535396130623866643137353936366234393662653131303132633431346532
61373632656164336137626639663636383665323865316564383262383862363031323831336631
36666138353938303061316261666461366331373732363263303331393134353336313065656332
62353162666639626136316337363836393664656631303466666630383335373432653330396463
39373439623662383865353834333632316636356463623931376332613166616662663362306237
31646165656539333933303430323336323662393237323332326532303435663662613135353539
62326539346235316236323732316232383639363732316632303938333739613435653134376534
38666139646434333961643538646232643237353365326266316432633461343462626430366130
31303730363235356536383432303365666232323131316632626236373134356131366465623437
34366631373961356364616338623165626639636530393162336134633064623236316362393734
64303864393435303934303930343538663139343735613735396434323261363866666638333733
65343165623163376161663134343634636532373532396539663165376465333036613033353637
62663966306533643532303731623038623335633534356538653031613431306466396164656662
64396361656537326634663964623638333832633863323761366234333165653765623866306361
64653465646166383031316363623236643339373966316136303362323733653539373630336132
66326264313137643365396462623664346533306638616235376564666462633630376563376239
62303234383962613062333466623265663634646662306435303261626664363465663630363764
36636235343233326664306634663161393663613564306237646330306666643837396534633538
30323964353632353633333732356662396235373166333735663164303335363836623534323866
63393433386238326133323334373231363463653136383661653163393163343362343533326466
66626237303735643436396239326335653433646262653062306565613362323338613230326636
34346164646330323966383330363764336234656337353934333563373937656433633630373266
35363130656233376261616537303932316234353461363539336631666335376366326566373334
34626239326261333161
