$ANSIBLE_VAULT;1.1;AES256
62333634656631616636306237643732356130353866633264386236303237633839626531353138
6466643165613735623364336633363338623232663737320a333831636632643663623163333833
64386335336632656234333736653864356237303065613436663139363763353836666534663863
3036333037393833610a613534303439363961393465386461396133313735613161633163626232
34643835616135633131643938316234653635396232373164323239313032663932666165613964
62633533366563623639643266643165636366613534613930616365633337306565663634393464
32363635343936366337303333316666373263323466616531396636633436323638383561656635
38303334383332646430663665313739306639653332636534636361303639353131326262626661
32633437363865353762393566346463356431373634383237356530333633303464663237333130
65356363333261313233316531613537303635333465376437383737386338383264366261336636
66663566366137393934376131663035346331306636663336363063656630313662323962316530
64346361613238373735303561393661333134396338613033323437386166363731323363613135
31663838613139323136376432316535396561363534393433346335626363333262353938386263
66653237373837653033373930363733323930656637386463333363653431333766626237313936
65366430316136653237303432626633333138353038633635353436376138393864303131396436
30383831323434373534333032623130356233646265636233306536343237646539366230623038
63386334626332323336306136376561353038303830323730643838383965386237
